timestamp,elapsed_seconds,cps,total_count,total_intervals,spectrum_sum,nonzero_channels
2026-04-01 16:41:12,0.0,8.0,111783.0,6077,146,85
2026-04-01 16:41:22,10.008,13.0,111881.0,6087,143,85
2026-04-01 16:41:32,20.017,10.0,111974.0,6097,153,82
2026-04-01 16:41:42,30.025,13.0,112078.0,6107,157,87
2026-04-01 16:41:52,40.033,7.0,112185.0,6116,168,87
2026-04-01 16:42:02,50.042,6.0,112283.0,6126,165,91
2026-04-01 16:42:12,60.051,7.0,112381.0,6136,151,84
2026-04-01 16:42:22,70.06,14.0,112477.0,6146,154,90
2026-04-01 16:42:32,80.069,13.0,112586.0,6156,165,91
2026-04-01 16:42:42,90.077,9.0,112684.0,6166,161,82
2026-04-01 16:42:52,100.086,10.0,112792.0,6176,167,89
2026-04-01 16:43:02,110.093,10.0,112890.0,6186,165,95
2026-04-01 16:43:12,120.101,12.0,112999.0,6196,158,87
