timestamp,elapsed_seconds,cps,total_count,total_intervals,spectrum_sum,nonzero_channels
2026-04-01 16:01:01,0.0,30.0,68368.0,3686,523,119
2026-04-01 16:01:11,10.008,30.0,68712.0,3696,540,124
2026-04-01 16:01:21,20.016,36.0,69004.0,3705,537,130
2026-04-01 16:01:31,30.025,34.0,69319.0,3715,501,120
2026-04-01 16:01:41,40.034,27.0,69622.0,3725,504,117
2026-04-01 16:01:51,50.043,30.0,69932.0,3735,481,120
2026-04-01 16:02:01,60.052,33.0,70256.0,3745,506,135
2026-04-01 16:02:11,70.061,31.0,70606.0,3755,537,137
2026-04-01 16:02:21,80.069,37.0,70953.0,3765,553,140
2026-04-01 16:02:31,90.078,27.0,71284.0,3775,544,137
2026-04-01 16:02:41,100.087,35.0,71600.0,3785,498,130
2026-04-01 16:02:51,110.095,41.0,71915.0,3795,504,117
2026-04-01 16:03:01,120.103,35.0,72229.0,3805,498,122
