timestamp,elapsed_seconds,cps,total_count,total_intervals,spectrum_sum,nonzero_channels
2026-04-01 16:23:36,0.0,25.0,95552.0,5030,327,133
2026-04-01 16:23:46,10.008,24.0,95779.0,5040,342,137
2026-04-01 16:23:56,20.016,24.0,95984.0,5050,335,138
2026-04-01 16:24:06,30.025,27.0,96180.0,5059,334,141
2026-04-01 16:24:16,40.034,21.0,96384.0,5069,326,137
2026-04-01 16:24:26,50.042,27.0,96587.0,5079,342,131
2026-04-01 16:24:36,60.051,22.0,96798.0,5089,347,139
2026-04-01 16:24:46,70.06,23.0,97013.0,5099,340,141
2026-04-01 16:24:56,80.069,29.0,97219.0,5109,328,132
2026-04-01 16:25:06,90.078,24.0,97442.0,5119,357,146
2026-04-01 16:25:16,100.086,25.0,97647.0,5129,346,138
2026-04-01 16:25:26,110.095,24.0,97840.0,5139,324,126
2026-04-01 16:25:36,120.103,19.0,98055.0,5149,337,132
