timestamp,elapsed_seconds,cps,total_count,total_intervals,spectrum_sum,nonzero_channels
2026-04-01 16:03:29,0.0,44.0,73166.0,3833,507,119
2026-04-01 16:03:39,10.008,32.0,73459.0,3842,521,129
2026-04-01 16:03:49,20.017,41.0,73787.0,3852,511,127
2026-04-01 16:03:59,30.026,35.0,74091.0,3862,512,125
2026-04-01 16:04:09,40.035,25.0,74412.0,3872,506,121
2026-04-01 16:04:19,50.044,30.0,74721.0,3882,490,126
2026-04-01 16:04:29,60.052,34.0,74995.0,3892,466,129
2026-04-01 16:04:39,70.061,35.0,75284.0,3902,448,116
2026-04-01 16:04:49,80.07,34.0,75592.0,3912,496,122
2026-04-01 16:04:59,90.078,35.0,75943.0,3922,548,125
2026-04-01 16:05:09,100.086,20.0,76239.0,3932,488,118
2026-04-01 16:05:19,110.095,28.0,76554.0,3942,479,124
2026-04-01 16:05:29,120.103,30.0,76861.0,3952,504,131
