timestamp,elapsed_seconds,cps,total_count,total_intervals,spectrum_sum,nonzero_channels
2026-04-01 16:26:30,0.0,32.0,99153.0,5202,321,131
2026-04-01 16:26:40,10.009,16.0,99312.0,5212,284,127
2026-04-01 16:26:50,20.018,16.0,99472.0,5222,255,108
2026-04-01 16:27:00,30.018,22.0,99638.0,5232,261,109
2026-04-01 16:27:10,40.027,19.0,99813.0,5242,284,121
2026-04-01 16:27:20,50.036,23.0,99998.0,5252,288,119
2026-04-01 16:27:30,60.043,20.0,100173.0,5262,283,112
2026-04-01 16:27:40,70.051,23.0,100370.0,5272,297,119
2026-04-01 16:27:50,80.06,20.0,100527.0,5282,284,121
2026-04-01 16:28:00,90.068,18.0,100701.0,5292,271,115
2026-04-01 16:28:10,100.076,18.0,100869.0,5302,270,124
2026-04-01 16:28:20,110.084,18.0,101067.0,5312,306,134
2026-04-01 16:28:30,120.093,8.0,101205.0,5321,278,119
