timestamp,elapsed_seconds,cps,total_count,total_intervals,spectrum_sum,nonzero_channels
2026-04-01 15:57:54,0.0,41.0,61803.0,3501,587,133
2026-04-01 15:58:04,10.008,29.0,62171.0,3511,597,132
2026-04-01 15:58:14,20.017,31.0,62501.0,3521,509,126
2026-04-01 15:58:24,30.025,30.0,62854.0,3531,561,129
2026-04-01 15:58:34,40.032,46.0,63169.0,3540,574,133
2026-04-01 15:58:44,50.041,41.0,63527.0,3550,574,136
2026-04-01 15:58:54,60.05,45.0,63908.0,3560,588,137
2026-04-01 15:59:04,70.058,28.0,64267.0,3570,597,137
2026-04-01 15:59:14,80.066,20.0,64594.0,3580,549,123
2026-04-01 15:59:24,90.074,28.0,64970.0,3590,568,124
2026-04-01 15:59:34,100.082,50.0,65329.0,3600,586,133
2026-04-01 15:59:44,110.09,38.0,65677.0,3610,562,133
2026-04-01 15:59:54,120.099,36.0,66025.0,3620,540,123
