timestamp,elapsed_seconds,cps,total_count,total_intervals,spectrum_sum,nonzero_channels
2026-04-01 16:13:41,0.0,9.0,84203.0,4440,211,95
2026-04-01 16:13:51,10.008,12.0,84326.0,4450,203,96
2026-04-01 16:14:01,20.016,10.0,84436.0,4459,203,100
2026-04-01 16:14:11,30.025,10.0,84545.0,4469,183,92
2026-04-01 16:14:21,40.034,18.0,84661.0,4479,180,91
2026-04-01 16:14:31,50.043,9.0,84792.0,4489,204,93
2026-04-01 16:14:41,60.052,14.0,84905.0,4499,189,86
2026-04-01 16:14:51,70.059,10.0,84998.0,4509,162,79
2026-04-01 16:15:01,80.064,11.0,85119.0,4519,177,90
2026-04-01 16:15:11,90.072,12.0,85238.0,4529,186,87
2026-04-01 16:15:21,100.08,11.0,85362.0,4539,202,96
2026-04-01 16:15:31,110.089,16.0,85493.0,4549,206,90
2026-04-01 16:15:41,120.097,3.0,85602.0,4559,187,91
