timestamp,elapsed_seconds,cps,total_count,total_intervals,spectrum_sum,nonzero_channels
2026-04-01 16:35:30,0.0,17.0,107951.0,5738,211,106
2026-04-01 16:35:40,10.004,11.0,108084.0,5748,215,112
2026-04-01 16:35:50,20.012,11.0,108216.0,5758,225,111
2026-04-01 16:36:00,30.021,11.0,108331.0,5768,193,104
2026-04-01 16:36:10,40.029,15.0,108461.0,5778,200,112
2026-04-01 16:36:20,50.038,6.0,108573.0,5788,183,111
2026-04-01 16:36:30,60.046,7.0,108684.0,5798,177,100
2026-04-01 16:36:40,70.054,10.0,108805.0,5808,182,102
2026-04-01 16:36:50,80.062,11.0,108918.0,5817,190,108
2026-04-01 16:37:00,90.071,14.0,109037.0,5827,184,110
2026-04-01 16:37:10,100.08,8.0,109148.0,5837,194,105
2026-04-01 16:37:20,110.088,10.0,109270.0,5847,188,105
2026-04-01 16:37:30,120.095,17.0,109402.0,5857,209,113
