timestamp,elapsed_seconds,cps,total_count,total_intervals,spectrum_sum,nonzero_channels
2026-04-01 16:48:18,0.0,14.0,116482.0,6500,309,129
2026-04-01 16:48:28,10.007,16.0,116681.0,6510,318,119
2026-04-01 16:48:38,20.015,16.0,116860.0,6520,295,122
2026-04-01 16:48:48,30.023,19.0,117014.0,6529,258,100
2026-04-01 16:48:58,40.032,19.0,117209.0,6539,292,111
2026-04-01 16:49:08,50.041,17.0,117400.0,6549,293,105
2026-04-01 16:49:18,60.05,16.0,117591.0,6559,297,113
2026-04-01 16:49:28,70.055,19.0,117769.0,6569,279,104
2026-04-01 16:49:38,80.056,25.0,117945.0,6579,277,107
2026-04-01 16:49:48,90.065,14.0,118100.0,6589,269,108
2026-04-01 16:49:58,100.073,25.0,118307.0,6599,305,110
2026-04-01 16:50:08,110.082,12.0,118468.0,6609,299,106
2026-04-01 16:50:18,120.09,19.0,118661.0,6619,276,117
