timestamp,elapsed_seconds,cps,total_count,total_intervals,spectrum_sum,nonzero_channels
2026-04-01 16:10:38,0.0,14.0,81741.0,4258,224,97
2026-04-01 16:10:48,10.008,18.0,81879.0,4268,226,103
2026-04-01 16:10:58,20.017,7.0,81990.0,4278,192,86
2026-04-01 16:11:08,30.025,14.0,82122.0,4288,199,99
2026-04-01 16:11:18,40.033,11.0,82244.0,4297,204,93
2026-04-01 16:11:28,50.039,15.0,82386.0,4307,235,98
2026-04-01 16:11:38,60.04,7.0,82513.0,4317,209,97
2026-04-01 16:11:48,70.049,8.0,82629.0,4327,192,84
2026-04-01 16:11:58,80.058,14.0,82775.0,4337,226,95
2026-04-01 16:12:08,90.067,12.0,82908.0,4347,215,94
2026-04-01 16:12:18,100.075,12.0,83052.0,4357,219,91
2026-04-01 16:12:28,110.084,15.0,83195.0,4367,231,99
2026-04-01 16:12:38,120.084,19.0,83336.0,4377,221,96
