timestamp,elapsed_seconds,cps,total_count,total_intervals,spectrum_sum,nonzero_channels
2026-04-01 16:20:20,0.0,27.0,91410.0,4835,369,142
2026-04-01 16:20:30,10.009,19.0,91626.0,4845,377,136
2026-04-01 16:20:40,20.017,19.0,91828.0,4855,333,129
2026-04-01 16:20:50,30.026,18.0,92054.0,4865,343,135
2026-04-01 16:21:00,40.034,21.0,92270.0,4875,347,131
2026-04-01 16:21:10,50.042,31.0,92501.0,4885,361,128
2026-04-01 16:21:20,60.051,19.0,92716.0,4895,351,136
2026-04-01 16:21:30,70.059,18.0,92920.0,4905,328,130
2026-04-01 16:21:40,80.067,17.0,93108.0,4915,317,130
2026-04-01 16:21:50,90.075,25.0,93307.0,4924,320,130
2026-04-01 16:22:00,100.084,23.0,93506.0,4934,332,137
2026-04-01 16:22:10,110.093,19.0,93724.0,4944,363,141
2026-04-01 16:22:20,120.102,16.0,93952.0,4954,344,128
