timestamp,elapsed_seconds,cps,total_count,total_intervals,spectrum_sum,nonzero_channels
2026-04-01 16:38:16,0.0,11.0,109887.0,5902,155,89
2026-04-01 16:38:26,10.009,10.0,110001.0,5912,174,87
2026-04-01 16:38:36,20.018,12.0,110093.0,5922,148,77
2026-04-01 16:38:46,30.026,14.0,110197.0,5932,175,84
2026-04-01 16:38:56,40.035,12.0,110298.0,5942,164,93
2026-04-01 16:39:06,50.043,13.0,110415.0,5952,183,112
2026-04-01 16:39:16,60.052,11.0,110532.0,5962,190,103
2026-04-01 16:39:26,70.06,11.0,110636.0,5972,183,99
2026-04-01 16:39:36,80.068,11.0,110734.0,5982,158,87
2026-04-01 16:39:46,90.077,21.0,110859.0,5992,189,96
2026-04-01 16:39:56,100.085,11.0,110966.0,6002,188,93
2026-04-01 16:40:06,110.093,9.0,111074.0,6011,187,96
2026-04-01 16:40:16,120.102,11.0,111183.0,6021,170,104
