timestamp,elapsed_seconds,cps,total_count,total_intervals,spectrum_sum,nonzero_channels
2026-04-01 16:06:10,0.0,12.0,77706.0,3992,262,107
2026-04-01 16:06:20,10.008,9.0,77842.0,4002,219,94
2026-04-01 16:06:30,20.017,9.0,77984.0,4012,218,98
2026-04-01 16:06:40,30.02,16.0,78142.0,4022,235,112
2026-04-01 16:06:50,40.028,13.0,78272.0,4032,235,107
2026-04-01 16:07:00,50.036,15.0,78412.0,4041,231,102
2026-04-01 16:07:10,60.043,15.0,78566.0,4051,247,103
2026-04-01 16:07:20,70.052,15.0,78731.0,4061,257,107
2026-04-01 16:07:30,80.061,8.0,78869.0,4071,231,102
2026-04-01 16:07:40,90.07,17.0,79008.0,4081,215,103
2026-04-01 16:07:50,100.078,18.0,79181.0,4091,258,107
2026-04-01 16:08:00,110.087,18.0,79320.0,4101,254,113
2026-04-01 16:08:10,120.095,16.0,79475.0,4111,249,110
