timestamp,elapsed_seconds,cps,total_count,total_intervals,spectrum_sum,nonzero_channels
2026-04-01 16:29:52,0.0,15.0,102703.0,5403,308,128
2026-04-01 16:30:02,10.008,18.0,102883.0,5413,303,125
2026-04-01 16:30:12,20.013,14.0,103072.0,5423,304,120
2026-04-01 16:30:22,30.021,25.0,103243.0,5432,308,128
2026-04-01 16:30:32,40.03,27.0,103435.0,5442,306,136
2026-04-01 16:30:42,50.039,25.0,103628.0,5452,317,142
2026-04-01 16:30:52,60.048,20.0,103844.0,5462,329,131
2026-04-01 16:31:02,70.057,15.0,104045.0,5472,329,137
2026-04-01 16:31:12,80.066,18.0,104253.0,5482,322,136
2026-04-01 16:31:22,90.075,20.0,104434.0,5492,297,136
2026-04-01 16:31:32,100.083,25.0,104622.0,5502,277,127
2026-04-01 16:31:42,110.089,22.0,104837.0,5512,323,128
2026-04-01 16:31:52,120.09,18.0,105027.0,5522,326,132
