timestamp,elapsed_seconds,cps,total_count,total_intervals,spectrum_sum,nonzero_channels
2026-04-01 15:54:00,0.0,359.0,50310.0,3268,5690,471
2026-04-01 15:54:10,10.009,59.0,51577.0,3278,3097,408
2026-04-01 15:54:20,20.018,49.0,52112.0,3288,820,196
2026-04-01 15:54:30,30.026,53.0,52608.0,3298,821,205
2026-04-01 15:54:40,40.033,44.0,53124.0,3308,824,188
2026-04-01 15:54:50,50.042,51.0,53639.0,3318,810,186
2026-04-01 15:55:00,60.05,48.0,54117.0,3328,766,194
2026-04-01 15:55:10,70.059,54.0,54625.0,3338,808,209
2026-04-01 15:55:20,80.067,52.0,55139.0,3348,804,193
2026-04-01 15:55:30,90.075,43.0,55641.0,3358,801,198
2026-04-01 15:55:40,100.083,47.0,56121.0,3368,770,198
2026-04-01 15:55:50,110.091,52.0,56594.0,3377,802,197
2026-04-01 15:56:00,120.1,43.0,57091.0,3387,807,198
