timestamp,elapsed_seconds,cps,total_count,total_intervals,spectrum_sum,nonzero_channels
2026-04-01 16:17:28,0.0,25.0,87512.0,4664,338,148
2026-04-01 16:17:38,10.002,31.0,87760.0,4674,363,132
2026-04-01 16:17:48,20.011,26.0,87977.0,4684,371,139
2026-04-01 16:17:58,30.02,21.0,88188.0,4694,347,140
2026-04-01 16:18:08,40.026,21.0,88393.0,4704,335,144
2026-04-01 16:18:18,50.035,20.0,88628.0,4714,354,140
2026-04-01 16:18:28,60.043,25.0,88829.0,4724,331,134
2026-04-01 16:18:38,70.052,21.0,89057.0,4734,350,133
2026-04-01 16:18:48,80.061,33.0,89298.0,4744,385,154
2026-04-01 16:18:58,90.069,24.0,89522.0,4754,361,158
2026-04-01 16:19:08,100.077,26.0,89765.0,4764,374,142
2026-04-01 16:19:18,110.086,17.0,90005.0,4774,398,141
2026-04-01 16:19:28,120.094,31.0,90251.0,4784,393,138
